100521671383026672718
109342148209917802565
110232479818136355682
101373961279443806744
116315897040732668413
117668392750579292609
111213696402662884531
117503822947457399073
117734260411963901771
101997124338642780860
100720409235366385249
110701307803962595019
113881433443048137993
112724573277710080670
114147483140782280818
110614416163543421878
115516333681138986628
104226133029319075907
118255645714452180374
108404515213153345305
100715738096376666180
118107045405823607895
110739220927723360152
108541235642523883716
100637660947564674695
106417861423111072106
100962871525684315897
102778563580121606331
108883879052307976051
101499880233887429402
107965826228461029730
100668989009254813743
111058843129764709244
112737356589974073749
107203023379915799071
117798157258572080176
101133961721621664586
107013688749125521109
116825083494890429556
100535338638690515335
103892332449873403244
107459220492917008623
117866881767579360121
100500197140377336562
102340116189726655233
117412175333096244275
116450966137824114154
101541879642294398860
112317819390625199896
112573107772208475213
113597493946570654755
110538600381916983600
105565257978663183206
113122049849685469495
113799277735885972934
107296660002634487593
100518419853963396365
101185748996927059931
116807883656585676940
111048918866742956374
114124942936679476879
114104634069486127920
104607825525972194062
114336431216099933033
115360471097759949621
115576988435396060952
109130886479781915270
104076158580173410325
114054672576929802335
106837574755355833243
100129275726588145876
101626577406833098387
106724181552911298818
106228758905254036967
116059998563577101552
110241952466097562819
101130571432010257170
105646458226420473639
113356364521839061717
113718775944980638561
107489144252174167638
107040353898400532534
107223200089245371832
103241736833663734962
100466178325794757407
104672614700283598130
104917160754181459072
118379821279745746467
115455024457484679647
101263615503715477581
106328207304735502636
106382433884876652170
116931379084245069738
104905626100400792399
104105354262797387583
110581012109008817546
103236949470535942612
115573545440464933254
102170431816592344972
106186407539128840569
103251633033550231172
103752943025677384806
103503116383846951534
115273860520983542999
111091089527727420853
101848191156408080085
107362628080904735459
113112256846010263985
108156134340151350951
110971010308065250763
109213135085178239952
112787435697866537461
104987932455782713675
114122960748905067938
104290609881668164623
112463391491520264813
109596373340495798827
109602109099036550366
115121555137256496805
103338524411980406972
100329698645326486178
102615863344410467759
115625564993990145546
113455290791279442483
110809308822849680310
103537112468125883734
113171096418029011322
116247667398036716276
